1000 
10002 
10007 
10010 
10011 
10012 
1002 
10020 
10022 
10023 
10027 
10028 
1003 
10030 
10032 
10035 
10037 
1004 
10042 
10043 
10046 
10047 
10048 
1005 
10052 
10053 
10056 
10057 
10059 
1006 
10064 
10065 
10067 
10068 
10069 
1007 
10070 
10076 
10077 
10079 
1008 
10081 
10082 
10084 
10086 
10088 
1009 
10090 
10093 
10095 
10097 
10098 
10099 
10100 
10104 
10105 
10106 
10107 
10108 
1011 
10110 
10111 
10114 
10115 
10116 
10117 
10118 
1012 
10121 
10122 
10123 
10125 
10127 
10129 
1013 
10132 
10134 
10135 
10136 
10139 
1014 
10140 
10141 
10142 
10143 
10148 
10149 
1015 
10150 
10151 
10158 
10159 
1016 
10160 
10162 
10164 
10166 
10167 
10169 
1017 
10172 
10173 
10175 
10176 
10177 
10178 
10179 
1018 
10180 
10181 
10184 
10185 
1019 
10190 
10193 
10195 
10197 
10199 
1020 
10201 
10202 
10204 
10206 
10208 
10209 
1021 
10211 
10212 
10214 
10216 
1022 
10221 
10222 
10223 
10224 
10225 
1023 
10232 
10234 
10236 
10237 
10239 
1024 
10241 
10242 
10243 
10245 
10248 
10249 
1025 
10250 
10251 
10254 
10255 
10259 
1026 
10261 
10264 
10266 
10268 
10269 
1027 
10272 
10273 
10276 
10277 
10279 
1028 
10281 
10282 
10287 
1029 
10296 
10297 
10298 
10299 
103 
1030 
10301 
10303 
10306 
10307 
10308 
10309 
10313 
10314 
10317 
10318 
1032 
10321 
10323 
10324 
10325 
10326 
10327 
10328 
1033 
10331 
10332 
10333 
10335 
10338 
10339 
1034 
10340 
10341 
10344 
10347 
10348 
10349 
1035 
10350 
10352 
10354 
10357 
10358 
10359 
1036 
10361 
10367 
10368 
10369 
1037 
10370 
10371 
10374 
10375 
10376 
10377 
10379 
1038 
10380 
10382 
10383 
10384 
10385 
10386 
10389 
1039 
10390 
10392 
10393 
10394 
10397 
10398 
10399 
104 
1040 
10402 
10403 
10404 
10407 
10408 
10409 
10410 
10411 
10413 
10414 
10415 
10419 
1042 
10420 
10421 
10423 
10424 
10427 
10429 
1043 
10430 
10432 
10433 
10434 
10435 
10437 
1044 
10441 
10442 
10444 
10445 
10446 
10449 
1045 
10450 
10451 
10456 
10457 
10459 
1046 
10464 
10466 
10468 
1047 
10470 
10472 
10475 
10477 
1048 
10480 
10481 
10482 
10484 
10485 
10486 
1049 
10491 
10494 
10496 
10499 
105 
1050 
10500 
10503 
10508 
10509 
1051 
10513 
10515 
10516 
10517 
10518 
10519 
1052 
10522 
10524 
10525 
10528 
10529 
1053 
10534 
10536 
10537 
10539 
10540 
10545 
10546 
10547 
10549 
1055 
10551 
10552 
10554 
10555 
10556 
10557 
10558 
1056 
10563 
10564 
10565 
10566 
1057 
10570 
10571 
10572 
10573 
10575 
10579 
1058 
10581 
10584 
10586 
10588 
10589 
1059 
10592 
10593 
10594 
10596 
10597 
10599 
106 
1060 
10603 
10604 
10605 
10606 
1061 
10611 
10612 
10613 
10614 
10615 
10616 
10619 
1062 
10620 
10622 
10623 
10628 
10629 
1063 
10630 
10633 
10635 
10636 
10637 
10639 
1064 
10640 
10641 
10642 
10645 
10647 
10648 
10649 
1065 
10652 
10653 
10655 
10656 
10657 
10658 
10659 
1066 
10660 
10661 
10662 
10663 
10665 
10666 
10667 
10669 
1067 
10670 
10673 
10674 
10676 
10677 
1068 
10681 
10682 
10683 
10685 
10688 
10689 
1069 
10696 
10697 
107 
1070 
10700 
10701 
10702 
10703 
10704 
10705 
10706 
10707 
10708 
10709 
10711 
10712 
10714 
10718 
1072 
10724 
10726 
10729 
1073 
10730 
10733 
10734 
10738 
10739 
1074 
10741 
10742 
10744 
10748 
10749 
1075 
10752 
10754 
10755 
10757 
10759 
1076 
10760 
10761 
10762 
10765 
10766 
10767 
1077 
10772 
10773 
10774 
10779 
10780 
10781 
10782 
10785 
10787 
10788 
1079 
10792 
10793 
10795 
10796 
108 
1080 
10802 
10803 
10806 
10809 
1081 
10810 
10814 
10816 
10818 
1082 
10820 
10821 
10823 
10826 
10828 
1083 
10830 
10832 
10833 
10837 
10839 
1084 
10840 
10842 
10843 
10844 
10848 
10849 
1085 
10850 
10851 
10854 
10855 
10857 
10859 
1086 
10862 
10863 
10864 
10868 
1087 
10871 
10872 
10875 
10876 
10879 
1088 
10882 
10883 
10885 
10886 
10887 
1089 
10890 
10891 
10892 
10893 
10894 
10895 
10896 
10898 
109 
1090 
10900 
10901 
10902 
10903 
10904 
10905 
10907 
1091 
10914 
10915 
10917 
10919 
1092 
10926 
1093 
10930 
10933 
10936 
10939 
1094 
10940 
10941 
10942 
10943 
10945 
10946 
10947 
10948 
1095 
10952 
10953 
10954 
10955 
10957 
10958 
1096 
10961 
10962 
10963 
10967 
10969 
1097 
10970 
10971 
10972 
10973 
10975 
10976 
10979 
1098 
10982 
10984 
10986 
10987 
10988 
1099 
10990 
10991 
10992 
10994 
10995 
10997 
10998 
10999 
110 
1100 
11000 
11001 
11002 
11003 
11004 
11007 
11010 
11011 
11012 
11017 
11018 
11019 
11023 
11025 
11027 
11030 
11031 
11032 
11033 
11038 
11039 
11041 
11045 
11048 
11049 
11051 
11052 
11055 
11056 
11066 
11071 
11072 
11075 
11076 
11078 
11079 
11080 
11081 
11086 
11088 
11091 
11093 
11094 
11096 
11097 
11098 
11099 
111 
11100 
11101 
11106 
11107 
11110 
11111 
11112 
11113 
11114 
11115 
11116 
11117 
11123 
11124 
11126 
11127 
11129 
11132 
11134 
11135 
11138 
11140 
11142 
1115 
11152 
11157 
11158 
11159 
11162 
11165 
11167 
11168 
11169 
1117 
11173 
11176 
11177 
11178 
11179 
1118 
11189 
1119 
11193 
11197 
11198 
112 
1120 
11200 
11201 
11204 
11206 
1121 
11213 
11217 
11218 
11219 
1122 
11220 
11227 
1123 
11230 
11231 
11232 
11234 
11235 
11237 
11238 
1124 
11240 
11242 
11243 
11244 
1125 
11250 
11252 
11253 
11254 
11257 
11258 
11260 
11261 
11263 
11266 
11269 
1127 
11275 
11278 
1128 
11281 
11286 
11289 
1129 
11291 
11292 
11294 
11295 
11296 
11297 
113 
1130 
11300 
11303 
11304 
11309 
1131 
11313 
11315 
11316 
11318 
1132 
11320 
11321 
11325 
11326 
11327 
1133 
11330 
11331 
11332 
11334 
11335 
11336 
11338 
11339 
1134 
11341 
11343 
11344 
11346 
1135 
11350 
11353 
11358 
1136 
11363 
11364 
11365 
11368 
1137 
11372 
11373 
11379 
1138 
11380 
11381 
11385 
11386 
11389 
1139 
11391 
11392 
11393 
114 
1140 
11400 
11402 
11404 
11405 
11406 
11407 
11408 
11409 
1141 
11411 
11415 
1142 
11420 
11421 
11422 
11426 
11427 
11428 
1143 
11430 
11432 
11433 
11434 
11437 
1144 
11442 
11443 
11445 
11447 
11449 
1145 
11451 
11453 
11454 
11455 
11458 
1146 
11463 
11464 
11466 
11467 
11469 
1147 
11470 
11471 
11473 
11474 
11475 
11479 
1148 
11480 
11487 
11489 
1149 
11492 
11495 
11496 
115 
1150 
11500 
1151 
1152 
1153 
1154 
1155 
1156 
1157 
1158 
1159 
116 
1160 
1161 
1162 
1163 
1164 
1165 
1166 
1167 
1168 
1169 
117 
1170 
1171 
1172 
1174 
1175 
1176 
1177 
1178 
1179 
118 
1180 
1181 
1182 
1183 
1184 
1185 
1186 
1187 
1188 
1189 
119 
1190 
1191 
1192 
1193 
1194 
1195 
1196 
1197 
1198 
1199 
120 
1200 
1201 
1202 
1203 
1204 
1205 
1206 
1207 
1208 
1209 
121 
1210 
1211 
1212 
1213 
1214 
1215 
1216 
1217 
1218 
1219 
122 
1220 
1221 
1222 
1223 
1225 
1226 
1227 
1228 
1229 
123 
1230 
1231 
1232 
1233 
1234 
1235 
1236 
1237 
1238 
1239 
124 
1240 
1241 
1242 
1243 
1244 
1245 
1246 
1247 
1248 
1249 
125 
1250 
1251 
1252 
1253 
1254 
1255 
1256 
1257 
1258 
1259 
126 
1260 
1261 
1262 
1263 
1264 
1265 
1266 
1267 
1268 
1269 
127 
1270 
1271 
1272 
1273 
1274 
1275 
1276 
1277 
1278 
1279 
128 
1280 
1281 
1283 
1284 
1285 
1286 
1287 
1288 
1289 
129 
1290 
1291 
1292 
1293 
1294 
1295 
1296 
1297 
1298 
1299 
130 
1300 
1301 
1302 
1303 
1304 
1305 
1306 
1307 
1309 
131 
1310 
1311 
1312 
1313 
1314 
1315 
1316 
1317 
1318 
1319 
132 
1320 
1321 
1322 
1323 
1324 
1325 
1327 
1328 
1329 
133 
1330 
1331 
1332 
1333 
1334 
1335 
1336 
1337 
1338 
1339 
134 
1341 
1342 
1343 
1344 
1345 
1346 
1347 
1348 
1349 
135 
1350 
1351 
1352 
1353 
1355 
1356 
1357 
1358 
1359 
136 
1360 
137 
138 
139 
140 
141 
142 
143 
144 
145 
146 
147 
148 
149 
150 
151 
152 
153 
154 
155 
156 
157 
158 
159 
160 
161 
162 
163 
164 
165 
166 
167 
168 
169 
170 
171 
172 
173 
174 
175 
176 
177 
178 
179 
180 
181 
182 
183 
184 
185 
186 
187 
188 
189 
191 
2591 
2592 
2593 
2594 
2595 
2596 
2597 
2598 
2599 
2600 
2601 
2602 
2603 
2604 
2605 
2606 
2607 
2608 
2609 
2610 
2611 
2612 
2613 
2614 
2615 
2616 
2617 
2618 
2619 
2620 
2621 
2622 
2623 
2624 
2625 
2626 
2627 
2628 
2629 
2630 
2631 
2632 
2633 
2634 
2635 
2636 
2637 
2638 
2639 
2640 
2641 
2642 
2643 
2644 
2645 
2646 
2647 
2648 
2649 
2650 
2651 
2652 
2653 
2654 
2655 
2656 
2657 
2658 
2659 
2660 
2662 
2663 
2664 
2665 
2666 
2667 
2668 
2669 
2670 
2671 
2672 
2673 
2674 
2675 
2676 
2677 
2678 
2679 
2680 
2681 
2682 
2683 
2684 
2685 
2686 
2687 
2688 
2689 
2690 
2691 
2692 
2693 
2694 
2695 
2696 
2697 
2698 
2699 
2701 
2702 
2703 
2704 
2705 
2706 
2707 
2708 
2709 
2710 
2711 
2712 
2713 
2714 
2715 
2716 
2717 
2718 
2719 
2720 
2721 
2722 
2723 
2724 
2725 
2727 
2728 
2729 
2759 
2778 
2779 
2780 
2781 
2782 
2783 
2784 
2785 
2787 
2788 
2789 
2790 
2791 
2792 
2793 
2794 
2795 
2796 
2797 
2798 
2799 
2800 
2802 
2803 
2804 
2807 
2808 
2809 
2810 
2811 
2812 
2813 
2814 
2815 
2816 
2817 
2818 
2819 
2821 
2822 
2823 
2824 
2825 
2826 
2827 
2828 
2829 
2830 
2831 
2832 
2833 
2834 
2835 
2838 
2839 
2842 
2843 
2844 
2845 
2846 
2847 
2849 
2850 
2851 
2852 
2853 
2854 
2855 
2856 
2857 
2858 
2859 
2862 
2863 
2864 
2867 
2869 
2870 
2871 
2872 
2873 
2874 
2875 
2876 
2877 
2878 
2879 
2880 
2881 
2883 
2884 
2885 
2887 
2888 
2889 
2890 
2891 
2892 
2893 
2894 
2895 
2896 
2898 
2900 
2901 
2902 
2903 
2904 
2905 
2906 
2908 
2909 
2910 
2911 
2912 
2913 
2914 
2915 
2916 
2917 
2918 
2919 
2920 
2921 
2922 
2923 
2925 
2926 
2927 
2928 
2932 
2933 
2934 
2935 
2936 
2937 
2939 
2940 
2941 
2942 
2943 
2944 
2945 
2946 
2947 
2948 
2950 
2951 
2952 
2953 
2954 
2955 
2956 
2957 
2959 
2960 
2961 
2963 
2964 
2965 
2966 
2967 
2968 
2969 
2970 
2971 
2972 
2973 
2974 
2975 
2976 
2977 
2979 
2980 
2982 
2983 
2984 
2985 
2986 
2987 
2988 
2991 
2994 
2995 
2996 
2997 
2998 
2999 
3000 
3001 
3002 
3004 
3005 
3006 
3007 
3012 
3016 
3018 
3020 
3023 
3026 
3028 
3029 
3033 
3034 
3037 
3040 
3043 
3046 
3048 
3049 
3051 
3055 
3056 
3059 
3062 
3063 
3064 
3065 
3066 
3070 
3073 
3075 
3076 
3079 
3080 
3084 
3085 
3087 
3091 
3094 
3095 
3097 
3098 
3112 
3113 
3114 
3118 
3119 
3122 
3125 
3130 
3131 
3137 
3138 
3139 
3141 
3151 
3152 
3153 
3156 
3157 
3158 
3159 
3164 
3170 
3176 
3178 
3183 
3192 
3194 
3195 
3201 
3202 
3203 
3204 
3207 
3209 
3210 
3214 
3216 
3217 
3218 
3219 
3220 
3221 
3222 
3223 
3224 
3225 
3226 
3227 
3228 
3229 
3230 
3231 
3232 
3233 
3234 
3235 
3236 
3237 
3238 
3239 
3240 
3241 
3242 
3243 
3244 
3245 
3246 
3247 
3248 
3250 
3251 
3252 
3253 
3254 
3255 
3256 
3257 
3258 
3259 
326 
3260 
3261 
3262 
3263 
3264 
3265 
3266 
3267 
3268 
3269 
3270 
3271 
3272 
3274 
3276 
3277 
3278 
3279 
328 
3280 
3281 
3282 
3283 
3284 
3285 
3286 
3287 
3288 
3289 
329 
3290 
3291 
3292 
3293 
3294 
3295 
3296 
3298 
3299 
330 
3300 
3301 
3302 
3303 
3304 
3305 
3306 
3308 
3309 
331 
3310 
3311 
3312 
3313 
3314 
3316 
3317 
3318 
3319 
332 
3320 
3321 
3322 
3323 
3324 
3325 
3326 
3327 
3328 
3329 
3330 
3331 
3332 
3333 
3334 
3336 
3337 
3338 
3339 
334 
3340 
3341 
3342 
3343 
3344 
3345 
3346 
3347 
3348 
3349 
335 
3350 
3351 
3352 
3353 
3354 
3355 
3356 
3357 
3358 
3359 
336 
3360 
3361 
3363 
3364 
3366 
3367 
3368 
3369 
337 
3370 
3371 
3372 
3373 
3374 
3375 
3376 
3378 
3379 
338 
339 
340 
341 
342 
343 
344 
345 
346 
347 
348 
349 
350 
351 
352 
353 
354 
355 
356 
3564 
357 
358 
359 
360 
361 
362 
3624 
364 
365 
366 
367 
368 
369 
371 
372 
373 
374 
375 
377 
378 
379 
380 
381 
382 
383 
385 
386 
388 
389 
390 
391 
392 
393 
394 
397 
3977 
3984 
3985 
3986 
3988 
3989 
399 
3990 
3991 
3992 
3993 
3994 
3995 
3996 
3997 
3998 
400 
4000 
4001 
4002 
4003 
4004 
4006 
4009 
401 
4013 
4014 
4015 
4016 
4018 
4019 
402 
4020 
4021 
4022 
4023 
4024 
4025 
4026 
4027 
4028 
403 
4030 
4031 
4032 
4033 
4034 
4035 
4036 
4037 
4039 
404 
4040 
4041 
4042 
4043 
4044 
4045 
4046 
4047 
4049 
405 
4050 
4051 
4052 
4053 
4054 
4055 
4056 
4057 
4058 
4059 
406 
4060 
4061 
4062 
4063 
4064 
4065 
4066 
4067 
4068 
4069 
407 
4070 
4072 
4073 
4074 
4075 
4076 
4077 
4078 
4079 
408 
4080 
4081 
4082 
4084 
4085 
4086 
4087 
4088 
4089 
4090 
4091 
4092 
4093 
4094 
4096 
4098 
4099 
410 
4101 
4102 
4105 
4106 
4108 
4109 
411 
4110 
4112 
4113 
4115 
4116 
4118 
412 
4120 
4122 
4123 
4125 
4126 
4128 
4129 
413 
4130 
4132 
4133 
4135 
4138 
4140 
4148 
4149 
4150 
4151 
4152 
4153 
4154 
4155 
4156 
4157 
4158 
4159 
416 
4160 
4161 
4162 
4163 
4165 
4166 
417 
4170 
4171 
4172 
4173 
4174 
4175 
4176 
4177 
4178 
4179 
418 
4180 
4181 
4182 
4183 
4184 
4185 
4186 
4187 
4188 
4189 
419 
4190 
4191 
4192 
4193 
4194 
4195 
4196 
4197 
4198 
4199 
420 
4200 
4201 
4202 
4203 
4204 
4205 
4206 
4207 
4208 
4209 
4210 
4211 
4212 
4213 
4214 
4215 
4216 
4217 
4218 
4219 
4220 
4221 
4222 
4223 
4224 
4225 
4226 
4227 
4228 
4229 
423 
4230 
4231 
4232 
4233 
4234 
4235 
4236 
4237 
4238 
4239 
424 
4240 
4241 
4242 
4243 
4244 
4245 
4246 
4247 
4248 
4249 
4250 
4251 
4252 
4253 
4254 
4255 
4256 
4257 
4258 
4259 
426 
4260 
4261 
4262 
4263 
4264 
4265 
4266 
4267 
4268 
4269 
427 
4270 
4271 
4272 
4273 
4274 
4275 
4276 
4277 
4278 
4279 
4280 
4281 
4282 
4283 
4284 
4285 
4286 
4287 
4288 
4289 
429 
4290 
4291 
4292 
4293 
4294 
4295 
4296 
4297 
4298 
4299 
430 
4300 
4301 
4302 
4303 
4304 
4305 
4306 
4307 
4308 
4309 
431 
4310 
4311 
4312 
4313 
4314 
4315 
4316 
4317 
4318 
4319 
432 
4320 
4321 
4322 
4323 
4324 
4325 
4326 
4327 
4328 
4329 
433 
4330 
4331 
4332 
4333 
4334 
4335 
4336 
4337 
4338 
4339 
434 
4340 
4341 
4342 
4343 
4344 
4345 
4346 
4347 
4348 
4349 
435 
4350 
4351 
4352 
4353 
4354 
4355 
4356 
4357 
4358 
4359 
4360 
4361 
4362 
4363 
4364 
4365 
4366 
4367 
4368 
4369 
437 
4370 
4371 
4372 
4373 
4374 
4375 
4376 
4377 
4378 
4379 
438 
4380 
4381 
4382 
4383 
4384 
4385 
4386 
4387 
4388 
4389 
439 
4390 
4391 
4392 
4393 
4394 
4395 
4396 
4397 
4398 
4399 
440 
4400 
4401 
4402 
4403 
4404 
4405 
4406 
4407 
4408 
4409 
4410 
4411 
4412 
4413 
4414 
4415 
4416 
4417 
4418 
4419 
442 
4420 
4421 
4422 
4423 
4424 
4425 
4426 
4427 
4428 
4429 
443 
4430 
4431 
4432 
4433 
4434 
4435 
4436 
4437 
4438 
4439 
4440 
4441 
4442 
4443 
4444 
4445 
4446 
4447 
4448 
4449 
445 
4450 
4451 
4452 
4453 
4454 
4455 
4456 
4457 
4458 
4459 
446 
4460 
4461 
4462 
4463 
4464 
4465 
4466 
4467 
4468 
4469 
4470 
4471 
4472 
4473 
4474 
4475 
4476 
4477 
4478 
4479 
4480 
4481 
4482 
4483 
4484 
4485 
4486 
4487 
4488 
4489 
449 
4490 
4491 
4492 
4493 
4494 
4495 
4496 
4497 
4498 
4499 
450 
4500 
4501 
4502 
4503 
4504 
4505 
4506 
4507 
4508 
4509 
451 
4510 
4511 
4512 
4513 
4514 
4515 
4516 
4517 
4518 
4519 
452 
4520 
4521 
4522 
4523 
4524 
4525 
4526 
4527 
4528 
4529 
4530 
4531 
4532 
4533 
4534 
4535 
4536 
4537 
4538 
4539 
454 
4540 
4541 
4542 
4543 
4544 
4545 
4546 
4547 
4548 
4549 
455 
4550 
4551 
4552 
4553 
4554 
4555 
4556 
4557 
4558 
4559 
456 
4560 
4561 
4562 
4563 
4564 
4565 
4566 
4567 
4568 
4569 
457 
4570 
4571 
4572 
4573 
4574 
4575 
4576 
4577 
4578 
4579 
4584 
4585 
4586 
4587 
4588 
4589 
459 
460 
461 
462 
463 
464 
467 
469 
472 
473 
475 
479 
480 
481 
483 
484 
485 
486 
487 
488 
489 
491 
493 
494 
495 
496 
497 
498 
499 
501 
502 
503 
504 
506 
507 
509 
512 
513 
514 
515 
516 
517 
519 
521 
522 
523 
524 
527 
528 
529 
530 
531 
532 
533 
534 
535 
536 
537 
538 
539 
540 
541 
542 
544 
545 
546 
548 
549 
550 
551 
552 
556 
558 
559 
560 
562 
564 
567 
568 
569 
570 
571 
572 
573 
574 
575 
576 
577 
578 
579 
580 
582 
583 
586 
589 
591 
599 
600 
601 
602 
603 
604 
605 
606 
607 
614 
615 
616 
617 
718 
898 
900 
901 
902 
903 
904 
905 
906 
907 
908 
909 
910 
911 
913 
914 
915 
916 
917 
918 
919 
920 
921 
922 
923 
924 
925 
926 
927 
928 
929 
930 
931 
932 
933 
934 
935 
936 
937 
938 
939 
940 
941 
942 
943 
944 
945 
946 
947 
948 
949 
950 
951 
952 
953 
954 
955 
957 
958 
959 
960 
961 
962 
963 
964 
965 
966 
967 
968 
969 
970 
971 
972 
973 
974 
975 
976 
977 
978 
979 
980 
981 
982 
983 
984 
985 
986 
988 
990 
991 
992 
993 
995 
996 
998 
999 
